unemployed area_buildings births deaths moves_in moves_out cars trucks motorbikes buildings_until_1900 buildings_1900-1918 buildings_1919-1948 buildings_1949-1957 buildings_1958-1962 buildings_1963-1972 buildings_1973-1982 buildings_1983-1992 buildings_1993-2001 households children male female social_insurance benefits age_under_26 age_26-35 age_36-45 age_46-55 age_56-65 age_above_65
City-Ost 270 106204 23 26 317 223 1474 249 55 7 23 33 124 52 20 17 24 11 160 237 682 320 983 249 37 233 236 217 177 102
City-West 66 28592 2 57 60 52 716 450 14 7 0 9 26 18 7 9 2 0 62 98 190 75 217 66 13 39 66 59 44 44
Cityring-Ost 228 144511 19 33 312 251 1370 80 96 16 15 17 190 30 31 15 3 0 201 281 692 409 1311 138 47 284 264 227 138 141
Cityring-West 138 74849 10 39 356 241 1043 86 44 0 4 2 78 40 25 4 2 2 132 202 428 203 638 172 29 150 143 126 88 95
Westfalenhalle 331 307602 62 112 431 393 2719 140 263 24 259 130 167 40 19 19 3 13 514 756 1542 1055 2539 158 63 632 684 570 393 255
Sudwestfriedhof 135 117753 18 26 138 109 894 40 91 1 37 129 54 19 10 5 3 3 203 286 587 366 947 58 28 207 243 195 138 142
Tremonia 320 205879 29 78 204 186 1661 33 159 37 57 174 215 37 10 0 6 6 410 574 1105 677 1613 217 54 336 535 297 249 311
Westpark 281 172003 35 42 280 241 1335 51 115 19 72 50 207 22 9 2 6 2 318 468 884 464 1491 203 54 349 395 238 174 138
Dorstfelder_Brucke 623 225119 76 41 462 331 1619 46 127 91 168 30 130 28 8 13 59 3 635 1036 1239 511 2060 706 90 437 517 288 248 170
Union 183 49118 27 9 173 105 498 41 17 60 43 19 14 5 4 3 0 0 190 347 290 56 424 185 32 120 92 56 33 13
Hallerey 353 147568 41 36 148 144 1650 141 111 28 41 16 32 67 39 44 65 43 559 892 958 407 1360 414 75 263 373 320 191 143
Dorstfeld 383 174725 45 30 271 212 1574 63 132 31 26 119 117 38 18 250 42 2 609 1102 1127 564 1411 589 71 266 425 433 297 199
Oberdorstfeld 388 240214 45 79 176 187 3169 436 330 31 449 402 451 125 53 29 37 20 699 1064 1860 919 2149 286 138 442 727 692 432 348
Hafen 925 245819 104 102 533 341 2100 295 111 11 106 186 191 38 14 6 7 10 681 1154 1351 536 2107 870 131 450 420 363 330 193
Hafen-Sud 498 172742 57 38 295 243 1268 298 82 12 70 86 171 12 19 2 8 8 455 810 780 264 1146 548 65 305 264 183 126 101
Hafen-Sudost 690 169004 73 56 612 429 1271 143 93 14 37 30 190 43 30 14 7 5 528 884 942 324 1550 565 81 300 306 248 194 137
Nordmarkt-Sud 917 245362 81 66 528 447 1619 113 86 27 55 40 177 43 48 44 46 9 945 1859 1262 397 1899 1350 112 402 432 336 238 139
Nordmarkt-Sudost 646 131659 64 29 301 254 927 73 44 9 98 18 88 10 17 18 5 2 504 1006 657 192 958 750 62 228 219 171 108 61
Nordmarkt-West 906 269735 108 150 558 386 1872 127 100 11 91 95 223 62 34 16 8 39 977 1795 1529 511 2162 999 143 490 480 410 327 190
Nordmarkt-Ost 592 134958 78 35 390 258 1318 291 58 10 111 94 106 13 4 8 4 2 602 1196 776 197 1206 646 81 321 221 146 139 65
Borsigplatz 926 231816 107 65 543 396 1517 94 75 42 147 62 146 90 33 5 2 18 855 1627 1297 346 1849 1053 118 403 391 297 243 191
Westfalenhutte 519 124188 70 29 1132 498 762 39 64 41 113 59 87 11 5 5 0 19 480 906 587 181 926 631 44 236 198 136 107 47
Kaiserbrunnen 569 348264 81 84 438 397 2843 175 247 48 99 115 415 85 39 15 11 5 624 893 1784 1003 2662 391 101 609 698 528 460 391
Funkenburg 722 267503 65 101 318 286 2096 116 162 26 64 273 155 20 23 14 8 22 549 830 1371 694 2094 709 85 457 516 426 339 242
Korne 606 351429 78 133 271 288 3680 220 286 22 77 251 184 104 99 112 47 37 779 1172 2193 1326 3103 349 179 687 789 760 615 489
Westfalendamm-Nord 166 173918 29 94 169 123 2616 320 124 0 8 170 220 60 43 23 11 10 296 452 970 660 1057 81 58 264 349 344 313 302
Gartenstadt-Nord 343 286337 53 102 190 171 2996 121 206 1 8 355 184 98 208 114 70 32 723 1137 1920 1121 1939 294 106 426 623 640 623 623
Westfalendamm-Sud 171 208516 27 51 164 135 2103 103 120 0 19 132 155 95 50 59 12 20 311 449 1140 808 1261 79 54 289 422 379 410 394
Gartenstadt-Sud 45 128676 12 19 54 56 1266 23 98 4 51 169 136 54 64 39 40 12 178 299 680 516 554 5 21 115 234 271 291 264
Ruhrallee_West 385 331622 53 58 397 361 3012 114 302 9 102 118 345 46 27 10 5 2 524 751 1718 1095 2708 228 83 667 712 493 424 434
Ruhrallee_Ost 264 224480 29 55 318 240 2540 125 143 12 14 34 333 81 37 9 17 2 328 477 1057 784 1625 112 56 377 414 339 316 339
Brechten-Nord 204 205770 43 47 119 147 2441 99 256 65 23 76 72 124 240 184 163 123 569 894 1740 889 1683 69 116 399 647 596 461 410
Brechten-Sud 152 137506 23 28 97 119 1583 32 154 21 11 65 100 99 206 51 40 42 377 533 1074 626 1196 89 62 231 414 386 335 272
Niedereving 304 113186 36 35 99 88 1031 40 81 27 17 104 87 53 51 81 27 9 411 714 766 310 916 249 74 209 239 201 215 138
Eving 295 126859 38 75 157 149 1261 96 122 28 35 134 81 53 72 21 14 58 422 673 909 453 1084 218 69 249 344 261 231 208
Obereving 850 339944 131 118 305 295 3502 106 307 22 81 183 551 186 231 81 62 318 1322 2234 2691 1091 3013 796 187 712 1030 742 553 558
Kemminghausen 152 53437 15 17 66 43 582 16 57 4 1 21 182 11 11 5 67 16 222 357 447 193 528 183 27 91 161 201 85 75
Holthausen 13 17933 3 0 22 15 247 21 18 33 13 42 11 6 6 2 2 3 52 88 165 94 137 1 9 28 64 65 53 40
Lindenhorst 469 162714 67 54 210 138 1957 265 208 54 73 284 228 39 60 63 32 144 696 1162 1266 578 1521 407 95 327 531 409 275 207
Altenderne 51 36640 5 11 27 40 473 95 50 37 37 24 29 4 14 53 6 17 113 174 302 162 311 26 8 57 127 122 76 74
Derne 342 163051 59 118 198 152 1715 59 154 50 256 178 49 75 137 38 10 86 662 1112 1336 557 1455 251 107 338 493 355 315 285
Grevel 21 27183 6 6 7 24 324 18 45 31 11 17 6 3 25 10 4 23 65 97 226 116 238 0 10 59 106 77 57 33
Hostedde 105 61335 13 12 39 47 720 63 97 41 27 39 14 53 56 37 16 33 159 251 509 263 511 46 43 125 184 194 141 85
Franz-Zimmer-Siedlung 105 85469 17 30 77 32 1073 30 95 10 14 65 204 48 111 16 11 70 309 515 818 339 627 94 33 170 288 230 189 247
Kirchderne 90 48591 9 15 20 28 569 65 61 14 15 81 55 6 45 11 29 13 125 201 389 186 386 41 24 85 139 144 101 82
Kurl-Nord 39 43805 13 14 18 14 431 10 54 15 15 14 113 36 29 12 10 9 103 173 334 140 291 6 18 66 110 103 96 81
Kurl-Sud 135 106030 14 46 104 48 1234 33 111 40 20 21 15 46 88 168 86 56 330 536 852 401 863 126 52 177 280 343 225 176
Husen-Nord 35 20831 5 6 22 15 196 22 34 20 52 7 3 7 7 2 3 4 76 135 160 70 189 28 8 29 85 57 31 20
Husen-Sud 111 95330 21 31 68 63 1262 26 171 21 133 108 9 22 135 38 41 204 404 672 933 470 828 57 55 237 434 329 188 160
Lanstrop-Neu 298 117049 32 41 115 169 1154 32 100 11 7 20 1 190 90 48 6 20 453 732 936 332 993 350 53 204 325 288 194 204
Lanstrop-Alt 39 49540 7 14 39 56 624 47 77 68 28 33 10 22 42 60 10 17 137 202 440 229 410 15 32 93 171 155 118 100
MSA-Siedlung 151 114273 19 39 59 45 1334 24 155 7 6 40 862 16 52 51 20 4 278 404 1025 451 891 102 45 157 311 345 296 322
Alt-Scharnhorst 276 104057 44 37 86 73 1183 43 127 5 220 75 50 88 44 7 5 26 477 782 918 371 977 264 65 273 342 209 212 188
Westholz 73 62122 9 17 33 30 703 18 68 3 6 90 34 12 105 52 30 34 156 247 507 242 539 29 40 74 180 205 151 99
Scharnhorst-Ost 1293 397907 126 119 324 366 3708 49 135 0 0 4 7 5 499 71 17 8 1856 3216 2968 989 3734 1832 251 560 945 1034 697 470
Asselburg 142 118284 20 33 62 85 1226 21 109 36 34 36 5 84 111 66 80 38 334 494 898 436 1018 76 46 208 345 262 248 225
Asseln_Dorf 83 51487 11 9 42 61 535 60 56 37 21 36 4 20 39 20 29 17 134 216 380 192 463 43 24 90 135 134 105 84
Asseln_Hellweg 50 48273 9 9 33 64 521 102 64 53 41 19 18 18 26 37 11 15 111 179 334 198 422 27 34 87 156 86 101 68
Kolonie_Holstein 99 96789 19 12 47 60 1168 59 141 95 96 80 96 86 67 60 21 64 312 494 805 436 922 28 33 201 370 268 216 153
Kolonie_Neuasseln 40 32072 12 7 23 46 412 17 33 31 28 11 34 9 11 42 7 3 80 110 268 148 290 21 16 66 98 101 75 60
Brackeler_Feld 105 116445 22 22 43 56 1381 57 112 12 13 73 16 74 205 90 7 22 325 482 883 484 901 50 37 193 333 281 271 252
Westheck 223 184628 27 116 76 100 2080 119 169 16 51 42 158 130 301 50 41 42 414 599 1306 694 1384 151 66 264 480 394 387 409
Reichshof 212 138227 25 45 95 118 1414 87 145 56 53 57 57 71 89 55 30 20 407 668 992 494 1172 204 57 230 363 343 276 217
Brackel_Dorf 132 118543 29 43 77 61 1358 48 125 46 26 89 47 21 105 103 66 64 325 493 957 520 1043 62 49 221 359 312 320 216
Brackel_Hellweg 50 40936 8 10 18 25 436 53 40 32 50 85 7 14 13 23 15 5 95 149 280 181 319 42 15 64 118 91 107 66
Knappschaftskrankenhaus 103 81792 12 24 56 76 872 51 97 55 47 62 168 22 61 17 21 16 201 304 610 315 689 53 35 133 224 242 170 121
Hauptfriedhof 91 70647 9 23 46 31 766 56 46 3 4 36 25 168 104 32 22 16 170 263 495 267 494 116 19 83 167 160 170 163
Funkturmsiedlung 204 115501 19 29 62 58 1167 38 95 7 27 79 38 143 89 21 8 19 296 429 850 397 811 179 51 166 242 255 215 318
Wambel_Dorf 148 98556 14 17 57 74 1454 296 103 19 17 44 119 68 87 57 33 8 223 324 732 374 810 88 42 144 280 233 208 199
Breierspfad 132 127824 22 42 64 76 1242 22 129 15 23 240 68 158 100 23 6 10 266 403 813 495 912 61 45 175 295 255 246 292
Pferderennbahn 44 31368 12 4 28 12 583 20 63 0 0 16 189 42 40 2 0 39 301 526 436 214 437 17 27 130 313 105 46 29
Wickeder_Feld 495 235621 59 58 191 194 2295 36 162 14 10 3 2 23 303 257 148 70 947 1477 1737 745 1952 707 100 326 633 626 429 368
Wickede_Dorf 221 159008 42 71 112 139 1703 49 155 92 42 21 64 169 192 116 36 48 447 681 1240 558 1430 138 70 287 458 363 316 304
Dollersweg 181 120694 18 36 74 113 1249 21 135 33 166 77 28 75 146 37 21 30 356 530 932 421 1017 138 54 195 342 303 240 219
Flughafen 169 73601 21 19 91 120 1316 302 73 23 30 7 4 14 125 17 26 28 319 530 622 267 722 153 26 164 255 163 165 116
Aplerbecker_Strasse 96 107161 25 22 71 71 1535 54 108 37 32 17 60 286 133 65 23 20 226 340 829 511 699 35 36 182 301 253 283 285
Marsbruchstrasse 156 126187 54 109 2220 2559 1335 60 141 26 29 108 215 62 82 86 44 26 490 828 868 568 1056 219 43 242 347 326 262 216
Aplerbecker_Markt 207 128029 41 26 179 112 1470 76 96 112 54 34 38 21 101 53 15 52 385 612 967 505 956 285 84 248 340 291 257 252
Vieselerhofstrasse 99 99737 22 20 76 74 1066 25 102 26 45 23 25 58 101 191 19 25 261 427 713 441 758 57 37 153 273 261 235 195
Aplerbeck_Bahnhof_Sud 158 142542 31 33 79 50 1611 86 155 66 37 98 69 95 116 159 35 37 346 555 1106 590 1125 92 48 275 402 345 344 282
Aplerbecker_Mark 131 201294 25 24 101 140 2423 53 219 84 18 22 39 31 132 528 199 79 502 775 1532 1034 1464 18 61 262 604 653 648 338
Schwerter_Strasse 30 67158 16 9 47 44 756 40 55 27 14 23 38 45 69 86 45 14 144 232 498 316 428 33 16 88 181 185 197 147
Berghofen_Dorf 277 282228 43 61 156 177 3010 118 259 97 93 148 107 213 420 178 46 41 654 1032 2020 1189 1874 191 97 409 696 685 658 664
Ostkirchstrasse 153 119800 20 35 69 75 1398 40 142 48 32 80 89 167 86 47 62 65 353 556 957 549 976 61 48 271 380 327 268 212
Berghofer_Mark 71 103024 13 21 61 60 1226 43 123 97 41 27 58 19 68 132 56 45 226 341 806 508 761 12 33 233 311 284 258 195
Schuren-Neu 193 141556 31 42 140 71 1654 26 116 8 2 5 7 43 247 28 36 56 516 782 1113 565 1043 230 62 281 415 330 264 326
Schuren-Alt 222 157208 34 26 121 140 1868 153 218 139 87 50 79 94 46 153 55 81 449 714 1247 747 1376 129 62 368 559 453 331 221
Solde-Nord 226 160042 21 76 138 127 2082 55 162 110 50 21 31 80 328 106 24 47 412 628 1192 714 1342 122 73 327 458 402 356 290
Solde-Sud 86 76814 13 16 54 56 867 26 79 30 20 8 18 109 129 48 9 56 206 312 585 317 638 50 32 144 238 179 153 156
Solderholz 113 150311 23 37 86 95 1804 49 198 99 35 53 11 23 303 167 61 188 414 727 1254 719 1136 52 41 293 518 373 443 305
Lichtendorf 74 111155 18 31 87 101 1304 30 129 42 16 27 24 96 260 96 51 55 284 437 934 482 841 11 35 196 350 293 293 249
Benninghofen 231 173637 27 105 81 83 1791 66 148 25 37 173 88 41 135 73 39 33 484 718 1182 690 1237 276 60 237 444 409 360 362
Loh 117 175789 30 24 83 93 2050 46 153 33 26 126 50 55 317 200 103 72 420 658 1306 863 1223 57 55 229 459 577 482 367
Schulzentrum_Hacheney 44 31908 4 6 19 25 312 10 33 10 1 3 7 12 42 16 2 14 103 167 213 121 264 34 11 57 83 75 58 50
Pferdebachtal 27 32286 2 9 21 11 551 41 20 2 1 49 63 78 35 4 7 4 59 93 245 126 187 14 6 41 69 72 86 97
Remberg 627 276942 56 101 288 253 2453 108 224 89 224 192 398 147 83 48 23 11 681 1072 1706 890 2218 652 113 445 638 576 423 401
Horde 342 129304 60 52 250 160 1207 85 76 80 96 23 54 22 19 21 12 28 422 727 737 323 1053 474 61 246 287 245 127 94
Phonix-West 354 127816 37 40 175 180 1152 63 98 34 70 82 127 25 16 9 6 5 304 456 722 338 1009 411 60 272 239 209 152 128
Brucherhof 463 227026 42 70 284 243 1883 92 186 83 102 152 187 57 43 17 7 4 467 718 1262 680 1813 478 118 435 435 401 297 256
Clarenberg 401 97916 34 29 122 91 667 19 48 25 18 23 10 5 37 11 2 1 434 750 553 193 780 881 51 143 166 174 119 93
Hochsten 61 103133 17 19 63 51 1290 31 99 43 32 69 48 3 44 292 36 42 220 339 855 520 735 10 36 193 264 312 399 171
Holzen 219 278729 47 53 206 195 3224 190 298 69 30 99 118 119 409 459 119 150 694 1085 2085 1321 1789 131 98 437 758 772 758 583
Syburg 28 52217 9 10 43 45 550 34 55 48 18 45 10 41 50 60 18 7 78 123 354 217 258 6 14 58 129 124 136 110
Buchholz 15 28577 4 3 14 18 297 15 41 21 9 21 20 40 30 19 5 8 52 81 162 151 158 6 10 35 86 71 60 51
Wellinghofen 152 138778 15 37 89 102 1489 54 142 18 42 89 51 80 82 95 60 34 391 596 1004 570 1020 112 48 221 392 333 298 282
Durchstrasse 100 154480 23 34 49 84 1694 22 111 12 10 49 82 47 364 112 22 57 299 444 1114 689 900 72 44 223 407 319 397 413
Wichlinghofen 76 118865 22 19 79 66 1405 38 128 23 7 92 73 52 160 139 21 51 238 370 871 629 820 16 23 218 361 337 303 258
Schonau 38 54839 11 8 47 43 530 29 57 10 55 149 21 7 14 17 9 12 112 185 358 219 349 4 10 78 141 152 104 92
Ostenbergstrasse 17 22017 3 3 22 18 238 2 18 10 7 40 22 7 9 10 3 2 48 76 159 96 178 9 8 33 56 69 53 36
Kruckenweg 185 147565 35 42 194 155 1522 56 154 24 44 41 48 154 121 85 54 6 345 530 1021 564 1215 106 58 289 342 332 267 297
Baroper_Markt 85 61806 11 46 85 70 613 15 59 22 18 31 29 14 35 34 28 5 154 216 424 223 571 43 28 122 187 132 107 71
Zechenplatz 25 13688 4 2 17 5 210 26 16 2 5 6 23 15 4 1 1 1 27 38 97 50 106 13 3 33 39 22 18 32
Barop 63 113545 14 22 70 54 1340 38 100 50 17 34 73 30 64 250 33 87 240 372 850 560 741 10 30 178 349 331 322 200
Brunninghausen 23 47004 2 9 21 12 496 12 36 3 8 50 94 35 36 9 11 2 87 147 290 216 241 6 9 54 120 110 116 97
Renninghausen 109 111008 14 76 57 48 1301 40 93 7 14 127 78 51 132 66 15 13 265 402 814 456 692 59 45 148 245 276 269 287
Eichlinghofen 152 157272 35 66 319 267 1632 45 155 98 38 56 147 57 101 148 52 57 399 616 1179 600 1271 85 51 323 380 389 379 257
Universitat 79 90120 22 8 542 400 1681 54 86 41 8 4 7 20 1 52 113 99 265 379 624 377 1134 23 55 195 317 242 125 67
Salingen 4 5374 2 0 6 5 77 7 8 1 1 21 4 0 3 1 2 2 15 23 50 29 44 1 5 8 13 27 15 11
Hombruch 383 201091 48 61 248 222 1960 55 160 78 102 273 100 32 43 31 25 30 515 782 1298 722 1884 288 101 436 541 384 303 255
Deutsch-Luxemburger-Strasse 275 208153 34 51 178 123 2129 82 213 60 40 145 219 223 114 106 32 31 493 760 1434 737 1626 160 75 330 532 473 390 371
Siedlung_Rotkehlchenweg 38 45055 3 12 22 11 417 4 29 1 5 3 17 3 98 0 5 0 84 123 285 157 241 17 4 44 86 81 83 144
Persebeck 89 85002 7 22 71 38 961 31 125 24 2 19 33 145 98 91 31 20 216 328 679 358 652 28 40 128 239 259 207 164
Kruckel 25 29913 5 3 42 18 446 40 52 1 18 29 26 30 22 26 22 23 87 135 323 142 237 5 7 61 122 86 93 96
Schnee 23 27656 6 2 41 24 344 14 58 40 27 23 10 8 15 23 3 24 85 153 223 149 207 6 9 50 107 77 76 53
Grossholthausen 13 10709 1 1 7 9 126 7 21 25 9 24 3 0 3 3 2 0 21 30 83 59 78 2 5 27 29 26 28 27
Kirchhorde-Nord 93 57281 16 10 17 39 600 7 40 2 2 7 1 4 183 12 3 3 216 376 414 236 401 99 21 78 152 138 123 138
Kleinholthausen 17 40472 4 40 22 20 439 23 36 13 6 8 17 18 102 20 10 6 64 96 256 202 250 5 7 53 98 93 114 93
Kirchhorde-Ost 66 134077 22 19 61 62 1356 26 103 23 13 158 101 62 97 70 52 24 233 374 835 588 725 17 34 169 293 335 289 303
Kirchhorde-West 63 102713 17 11 90 98 1204 28 69 28 24 61 31 27 126 106 34 54 212 320 771 486 633 20 19 187 277 256 277 241
Lottringhausen-Nord 55 43913 14 8 27 23 439 2 47 3 3 7 11 8 112 10 2 5 129 198 285 190 319 53 9 59 102 100 118 87
Lottringhausen-Sud 38 37879 5 9 43 29 425 11 39 6 6 33 23 16 35 35 1 27 85 138 271 198 263 8 19 95 125 84 84 62
Schanze 9 16288 5 3 12 10 195 23 13 13 9 26 4 1 4 2 6 17 34 51 115 78 114 0 10 23 48 44 37 31
Rombergpark 1 12755 1 135 38 12 69 0 2 0 1 2 3 4 1 6 1 1 4 6 36 33 25 6 1 1 9 7 8 43
Lucklemberg 98 230158 36 62 134 164 2565 36 157 41 31 80 170 82 265 218 161 153 450 720 1535 1097 1175 31 63 281 544 612 584 548
Menglinghausen 136 88933 20 22 135 62 1062 56 74 19 17 7 36 102 30 85 9 77 280 444 724 408 650 203 34 191 338 251 155 163
Bovinghausen 456 191787 50 42 161 210 1928 75 155 39 125 136 48 151 89 87 18 45 674 1179 1444 611 1631 591 114 394 525 449 311 262
Kley 157 122721 20 25 83 93 1463 46 160 9 46 49 177 59 85 21 27 60 405 616 947 470 1089 111 57 200 365 329 247 219
Holte-Kreta 90 49920 8 13 39 46 495 25 71 11 11 34 112 43 8 17 5 3 113 168 360 180 410 43 22 96 137 128 77 80
Deipenbeck 246 186411 46 91 154 153 2208 61 216 45 39 181 112 41 166 100 29 117 575 874 1536 836 1741 218 89 357 676 558 369 323
Lutgendortmund-Mitte 408 218898 43 126 290 215 2489 121 254 84 91 68 49 41 107 108 186 94 798 1293 1729 919 2198 353 119 483 705 650 423 268
Lutgendortmund-Ost 546 243193 68 70 334 254 2784 141 248 128 102 101 115 81 105 118 117 77 820 1321 1933 942 2429 556 166 591 733 682 401 302
Lutgendortmund-West 161 61932 19 22 75 98 721 38 59 29 29 28 4 23 59 7 4 3 161 267 463 223 528 225 48 117 156 127 143 95
Somborn 44 20094 5 8 42 30 250 11 42 18 19 37 0 2 2 6 0 6 60 101 172 102 207 33 15 57 66 74 42 20
Germania 352 128956 42 43 121 109 1349 155 112 22 33 38 395 13 15 19 18 32 456 757 905 403 1131 345 78 267 312 286 166 199
Marten 383 193816 51 57 202 147 1990 162 196 105 112 130 113 51 58 54 121 31 575 939 1382 714 1703 396 105 374 566 496 298 257
Oespel 180 157170 28 33 210 198 2112 134 195 57 38 141 110 84 182 86 119 67 481 778 1274 671 1368 122 53 301 481 471 335 304
Westrich 118 93214 11 22 95 84 1143 23 132 21 9 131 88 96 28 57 26 29 331 475 808 420 896 91 50 159 372 296 196 155
Deusen 83 75106 19 11 33 47 878 103 112 12 6 215 34 11 25 22 24 111 286 510 605 312 692 58 37 163 282 249 90 96
Mailoh 460 191547 87 56 141 149 1944 57 203 23 61 175 269 28 44 47 198 43 828 1431 1438 661 1809 451 129 359 539 568 296 208
Erpinghofsiedlung 216 78080 34 32 54 36 699 11 75 2 3 87 259 5 5 15 9 58 299 507 560 212 687 219 35 153 214 168 112 90
Wischlingen 98 51654 8 13 35 41 576 28 66 22 4 101 30 20 49 26 11 6 141 217 423 202 437 70 25 106 159 120 116 99
Huckarde 169 92305 26 63 87 59 1008 37 107 63 36 22 65 24 24 51 4 50 348 540 706 361 832 148 61 237 277 198 155 139
Insterburgsiedlung 206 112344 32 35 99 76 1127 23 108 23 25 4 107 4 87 2 8 148 409 723 896 328 993 155 53 263 360 221 161 166
Jungferntal 339 176989 43 63 84 118 2020 15 200 8 4 1 173 232 112 118 3 43 668 1062 1514 686 1679 284 92 355 567 470 378 338
Rahm 61 41303 11 17 24 10 513 11 54 11 5 0 0 6 90 60 4 5 120 170 369 170 406 18 20 68 140 141 76 94
Kirchlinde-Alt 235 112559 40 35 123 84 1215 52 104 69 62 94 29 20 74 31 15 48 399 624 898 413 1067 184 71 247 317 289 230 157
Siedlung_Siepmannstrasse 206 89542 29 27 61 70 1026 4 63 7 1 0 16 4 180 7 23 61 416 686 730 369 919 221 49 160 304 280 155 151
Hangeney 212 139909 45 81 103 76 1819 216 192 48 24 15 474 62 44 33 55 138 545 910 1232 695 1424 115 85 337 595 447 235 228
Bodelschwingh 458 218083 49 65 165 178 2611 151 252 66 65 95 173 70 175 59 156 85 844 1331 1905 819 2005 413 135 453 709 664 446 317
Bruninghausen_Knepper 18 10819 5 4 3 8 123 2 10 14 7 6 22 0 4 6 3 2 29 45 91 45 89 5 8 16 39 32 28 13
Mengeder_Heide 110 108256 19 29 60 63 1474 43 178 19 22 78 87 39 177 116 37 109 337 525 1014 593 951 36 38 258 438 348 316 209
Mengede-Mitte 283 142498 37 100 161 157 1433 144 134 72 78 62 110 68 94 47 25 13 449 732 1021 491 1210 242 72 266 365 321 255 233
Alte_Kolonie 265 101164 30 38 67 62 919 29 114 74 361 20 120 9 10 53 68 60 395 704 742 300 953 223 50 194 311 236 142 109
Nette 429 214830 49 64 137 147 2237 59 224 92 96 44 385 94 99 122 38 17 703 1188 1702 700 1819 519 127 352 543 608 430 342
Oestrich 413 207634 38 64 184 209 2270 200 241 67 181 192 61 59 44 183 37 77 737 1203 1527 710 1838 391 118 400 613 505 340 261
Groppenbruch 9 11475 4 2 3 8 172 37 21 17 13 9 4 1 2 2 17 8 51 101 105 70 121 8 2 36 52 39 28 18
Schwieringhausen 9 6705 2 2 6 8 71 3 11 6 11 12 8 0 0 2 1 0 19 29 49 30 53 3 2 13 20 20 12 12
Ellinghausen 6 6586 0 1 10 14 73 8 14 13 10 5 2 1 0 2 1 1 26 47 63 25 67 1 1 17 33 19 10 8
Niedernette 2 3277 0 2 0 2 45 4 3 7 3 4 1 1 1 0 0 0 6 7 26 22 21 0 3 2 16 13 6 8
Westerfilde 606 226053 52 97 196 168 2279 53 208 21 78 29 271 109 103 120 71 33 976 1588 1769 712 2119 935 135 364 654 648 391 289
