-0.98176842086606 -0.424824312369009
0.377997096943841 -0.0646496132531539
0.546971905424931 0.052431968107181
1.43283360448003 0.709286537022446
0.749716051152729 -0.6242238553223
-0.604272682755641 0.809953878575544
0.0589427527584733 -1.62806941733775
0.539295916921549 -0.336914866196897
-0.702631054464458 -0.658429782601593
-1.37743904491737 0.902151245615287
-1.52231828532411 0.963554128097876
0.657432119898491 0.0983079400517785
0.567720527513779 1.11670324355785
0.70077294852283 0.49951770734868
1.00734923692777 0.776635339443666
0.732788652379227 1.4214281486299
0.449223101025831 -0.826045985683056
1.1577121993416 -0.486629749860357
-2.72535718293033 -0.352230269069361
1.07677998730418 -0.180715304049394
-0.0153011473158425 1.00226096966229
0.174087130715301 -0.0849945840081493
-1.22292836248456 -1.27385705399773
0.521915965424366 -0.379778165954945
-0.27300842175357 -0.190284350539997
-0.574722512243526 -0.963383785395508
0.0350711759033385 0.430851088381854
1.68360940790897 1.59021337232058
-0.409876958673275 -0.45824357898096
-0.601248741873412 -0.381235336847855
-0.349990484604684 1.46560658863512
-2.0598812506053 1.11426611440238
-0.517738880350578 0.0147452657664358
-2.0475319738065 1.32132452462973
-0.248777119745178 0.346355910672271
-1.87163131249573 -1.2988050792372
0.745319774699636 -1.14344160872769
-0.4849727725502 0.611534203013299
0.411451195992868 -0.194985571053847
0.206279268611062 0.111423876867309
1.08099760477398 -2.07048708984511
0.884819570394411 -0.0318681152892826
-0.410845649235871 -0.924269102180261
0.780055722579417 -0.659965542764833
1.59000378475428 -0.501285068141609
-0.410885890208972 0.165904956233053
-0.98873385289149 -0.270881401586903
0.651795549599942 0.790034448817247
-0.902466065446487 -0.441415294772336
1.4088036673484 -0.37753907876572
5.69600147528891 -0.0713459719410506
5.17821143915324 0.937507279746687
6.06457363945917 0.321017523231289
5.1892078122092 0.820754325068617
5.23227399623212 1.57651837755247
5.16113377948109 1.24070888920079
5.54421941949572 0.914906992650781
6.27848465450253 0.329554039050972
6.78732711986317 0.440946044709399
5.91423585433565 0.453167281773409
5.74013975645792 0.593809286746115
7.0197907003711 1.09963721497752
5.09900645467507 0.503245515291706
6.38011823685644 0.842149532969816
6.22516112004621 0.605102210240739
5.82105728675983 0.363238089344912
6.06222889556001 0.265448727322437
5.50897575210902 1.66827840342864
6.12215594060644 2.1959722287722
4.97280151727295 0.56431759866051
5.18216653606846 0.794626567076331
6.43282470958258 1.04990907640633
6.76880565008903 0.609358231475034
4.94859236814 1.66143381237442
5.00970614015137 1.36130629562474
5.75064218699642 0.337015890967028
6.51627051500742 2.10679493045623
5.16817575427792 0.324398623721539
5.38468015120713 0.797147958900358
5.59264974256719 0.274748199192162
5.70840229751533 1.10343280438742
5.3329799664743 0.294500673609487
5.67907350213839 0.655492653066162
6.37243031124982 0.0485668173702344
6.45054558398041 0.208120499797025
5.4726061213623 0.475629032743967
5.51623775810026 0.478451730962196
5.14078258095259 -0.00224768727175723
5.616441728053 0.65363411152994
6.11653383753317 1.61427629779528
5.40994041805653 0.69650142912447
7.07478085154222 0.0326399279491477
5.16024737161883 0.593754974938994
4.98163057128338 0.434947372969065
6.47977316251885 1.44994767870472
7.67324651672475 1.73087358986874
6.3503792353542 0.123994721828484
5.40871133515025 -0.111793566920847
5.3950876375828 1.17068911555772
6.52254208412279 1.36135032115372
6.7790288766124 0.224144619696989
5.35773652843504 0.432060138408228
5.23203684188576 0.447964131004623
5.80190734096662 0.813962868840959
6.14933643595788 0.605132035923983
6.40248440289444 0.888007269874007
5.81502918683156 0.136770658265737
5.92592381794111 0.168657421793076
5.59091638385895 1.33911901276559
5.60542510038594 2.250041757702
6.5323687309239 0.0580972628731176
5.49509839756238 0.262392378017301
5.30615623971155 0.255331640014492
5.60601946680833 0.244976147363935
5.97049155863701 1.08836919825927
6.80532279932183 0.0324183305168804
6.00302637213398 0.166767819652039
6.02810302449231 0.668483240040779
5.68840751410147 1.62474473838083
5.86006594308171 0.917493192266484
6.04490476348515 11.8895576827666
5.15681980427098 7.67782412310311
5.03551612195686 7.03044122691857
6.38354608891556 8.24766061320098
5.16538069054259 9.35157543719464
6.80644381063159 5.83017333458099
6.18662202483518 5.2567456853253
5.58041163501158 7.09517846866299
5.98036504921448 7.03736596748778
6.68263289481763 6.84225428725281
5.74869414034572 8.67521993238887
6.12275823003263 7.93621734518543
4.5997618024703 8.12317768749652
5.51583350444905 11.0936558577427
7.35951131856895 8.63594966151893
5.19737853934238 7.36898578391817
5.65541225331035 8.71120247143741
6.46522277378127 10.0802599499078
7.01992651242991 7.98120019288159
4.37414370711985 6.08431593938649
5.45497867502198 8.37804790944685
5.45456900576019 7.96858985508839
5.32010069986829 8.40380614163962
4.50444006980249 8.9248107180919
6.10475726276716 8.11679041352181
5.46793320596059 8.06051391587714
4.99621440869209 6.82769073326739
4.30285703387777 7.09159901778676
4.64265520205419 7.96825332470279
7.78558448835193 7.48677410294471
