-1.69447949793728 1.15561482046003
0.494445909659114 0.397765204357137
-0.75346097163943 0.859946132472295
-0.159999884533005 0.213371853793262
-0.375200683599402 -0.852552425597225
1.27566434247053 1.4925222429656
0.100083349921201 0.811919935833256
-1.2267157091533 -1.62032350417135
-0.171303857474462 -0.119243630263418
-1.20262680321494 0.815190024480424
-1.92527127441722 0.669763564945097
-0.013163388631803 -0.315202693603161
1.3526810451482 -1.42660545355359
0.140844072927028 -1.32624965777774
-0.567625703499311 0.162603902925807
-0.0566082856038189 0.283827635397756
-1.06822616317444 0.0105520616371343
-0.475087379506963 -0.459730819558055
-0.834069303228943 -0.668829075595176
0.33871842217763 0.0866140373793846
12.302598166086 -0.223308462652579
7.55379343731232 -0.168225033386718
11.1057445462233 -1.53325190315894
9.03135968093398 1.12762294728249
9.81017841369327 0.375848566760382
8.63194877389757 0.46690933562343
10.8726278111651 -0.623041053500304
10.301710648472 1.79288350585508
10.4226790309474 -0.566519823026304
9.98326925108518 -0.526671860104368
10.1793051110115 -1.18663643932094
9.52898229538778 -0.0576652469031247
10.8436636838785 -0.549643106537441
8.98397683510317 0.489442572347064
10.1228891697537 -1.03569399227
9.06351039861041 1.6060572068403
10.8060799608057 0.687474470837868
11.1626785741385 0.383350547159425
9.98234234834495 -1.13730695402184
9.14554533214269 0.0708299531336762
24.5024368702434 20.6144447578117
-5.37189849885181 23.4648447809741
-8.95517846103758 23.919906266965
11.3927494571544 34.2357246298343
21.0399774205871 33.5822683991864
-1.59640328958631 23.5852791927755
27.5064464728348 38.5008313180879
3.14508381532505 21.6920663136989
27.6961703039706 28.6927546979859
-10.6511816079728 25.9712009644136
-7.66657549422234 32.9132444318384
-9.15206855162978 29.8964581638575
15.8546816161834 31.9268369488418
-2.85107320407405 22.4144681217149
23.8303065602668 30.9543029591441
17.2842406155542 38.3309425320476
24.4561823969707 36.0109400795773
24.5175690227188 39.7934879781678
13.1087615806609 31.7714065406471
9.09619673155248 26.4272542856634
-2.69126712111756 38.5869405791163
-1.73025315627456 38.9001726917922
19.0225757961161 23.7723894417286
-11.238070523832 31.353773875162
0.151441288180649 20.2028506109491
21.542090382427 36.9958624383435
-12.0813630800694 22.2539566643536
-12.5999845261686 34.1075944248587
22.819940962363 38.3315245807171
-3.09283175040036 39.7680657217279
20.5936800991185 26.1656351201236
-13.6279136338271 32.8935278719291
-7.73644301109016 21.6527964966372
24.3279128754511 21.7852771002799
-13.3572042966262 23.0812645191327
-10.8677645609714 33.509140885435
15.0660590222105 34.4167252304032
-2.44377991650254 30.1457366067916
-17.4723771680146 38.0366730550304
5.0556907732971 29.2587471846491
25.6451514270157 38.5918353497982
11.7147228983231 22.960175415501
14.0244945720769 24.9597519822419
11.5348402480595 21.06458326336
15.4413029621355 29.6928473003209
-11.4912156877108 26.7557641956955
1.60135358572006 29.3529268214479
21.8080095085315 24.7260565496981
-16.786339697428 39.8545871535316
25.0363256968558 39.5417308760807
7.23149347584695 25.9890421899036
-8.42630970757455 26.4858438912779
-6.504319566302 22.420066613704
-0.0461253733374178 38.5009332140908
29.4813558878377 37.8088396135718
26.0181321715936 30.9153218055144
-11.883954918012 35.0374400708824
-8.43961091479287 39.1493433760479
9.22515851678327 21.0803090315312
29.2447900818661 24.7059115255252
25.0001966790296 39.4917432963848
8.09116533026099 28.1805630354211
0.779225474689156 31.3506576698273
27.2268797107972 30.4484431119636
7.40161925321445 24.0264863241464
5.31670858152211 28.0559899657965
-8.89496626798064 32.6666032616049
13.8439110782929 28.945005973801
5.24766161805019 20.0049506500363
-0.155409977305681 36.5917149605229
13.4773872396909 25.3304825909436
-9.43433611420915 33.2708179298788
3.74319360824302 35.265570837073
15.0924566271715 25.5575503408909
16.0508833895437 36.7095898417756
-10.3150234837085 34.4658233318478
-10.3243858716451 27.7784518478438
13.8372113299556 27.740355101414
-2.46176071697846 36.0250749671832
-7.31195930158719 39.6359529905021
-8.26712451409549 33.2045309105888
-12.2442831564695 34.7522435709834
21.6368545382284 26.3071574317291
-12.698298941832 30.4744993988425
-13.7203350826167 20.3266802197322
-2.29020228609443 31.0893789958209
24.6289731771685 35.864022616297
1.73024679068476 37.391934460029
13.0828054924496 33.9247498149052
-2.89006851846352 35.6951602688059
21.2023121723905 24.2761060176417
25.0818155542947 38.8690335024148
-16.1311390157789 37.8764900472015
-11.4845771505497 24.1502496507019
11.6303576342762 37.1846924675629
-13.896952283103 39.5528602972627
2.07517347997054 38.1275382405147
-11.0073615494184 33.7722050352022
22.5682575791143 29.2554323980585
-2.00532346963882 27.7099847281352
